839,35
826,7
826,6
826,5
826,4
826,3
826,2
826,1
826,0
823,15
823,14
823,13
823,12
823,11
823,10
823,9
823,8
823,7
823,6
823,5
823,4
823,3
823,2
823,1
823,0
817,18
817,17
817,16
817,15
817,14
817,13
817,12
817,11
817,10
817,9
817,8
817,7
817,6
817,5
817,4
817,3
817,1
769,194
769,193
20,3
20,2
20,1
19,3
19,2
19,1
18,3
18,1
12,3
12,2
12,1
11,3
11,2
14,1
11,1
14,3
10,3
13,1
10,2
13,3
10,1
9,3
9,2
9,1
8,3
8,2
8,1
3,3
3,2
3,1
2,2
2,3
2,1
0,488
0,408
0,322
0,278
0,243
0,0
839,34
839,33
839,32
839,31
839,30
839,29
839,28
839,27
839,26
839,25
839,24
839,23
839,22
839,21
839,20
839,19
839,18
839,17
839,16
839,15
839,14
